11.336355 165.9257929497681
14.31343 259.20983233602436
18.019555 406.8576618398834
22.685205 643.8118691052936
28.559015 1003.5480026660986
35.953649999999996 1534.0494522438414
45.263 2267.1893939716256
56.98274 3212.834362629248
71.737075 4485.304734551436
90.31156 6062.613206569059
113.6953 7938.407678882445
143.1343 10180.998603334352
180.19555 12907.506933051414
226.85205000000002 15730.748958664015
285.59015 18611.64190048947
359.5365 21612.015654400748
452.63 24640.724585328535
569.8274 27933.61482884427
717.37075 30301.83986248177
903.1156000000001 30302.10300330977
1136.953 28512.503836869528
1431.3429999999998 24833.432331911485
1801.9555 18508.673720224873
2268.5205 11918.48549735019
2855.9015 6877.381489027661
3595.365 3270.6518226452954
4526.3 604.6850095590175
5698.274 4.272793045342709
