11.336355 1211477400.0
14.31343 1547487480.1866963
18.019555 2090102238.5636027
22.685205 3082014294.249194
28.559015 3777109845.7590685
35.953649999999996 6166948482.135883
45.263 6932182764.998064
56.98274 7783055790.255562
71.737075 9354044254.819134
90.31156 11371359462.368639
113.6953 13009399086.904642
143.1343 14462485375.35657
180.19555 17244703981.323643
226.85205000000002 18482821836.750008
285.59015 21545489542.73922
359.5365 22038707738.76819
452.63 13475721908.178606
569.8274 10155827872.226524
717.37075 8342691875.158328
903.1156000000001 6828415490.944999
1136.953 5723270041.558918
1431.3429999999998 4959456570.829068
1801.9555 3645974304.149955
2268.5205 1431189691.8011575
2855.9015 86053857.19265072
3595.365 0.0
4526.3 0.0
5698.274 0.0
