11.336355 51.00588174684741
14.31343 83.50703151858488
18.019555 133.74056381764115
22.685205 216.72763791470956
28.559015 343.77885311892453
35.953649999999996 527.5496587790641
45.263 777.1248340654324
56.98274 1123.8513729245467
71.737075 1574.444420820113
90.31156 2148.7547558334736
113.6953 2802.314494914405
143.1343 3580.8023500358104
180.19555 4440.1162611258
226.85205000000002 5362.217295266129
285.59015 6287.3076546843595
359.5365 7153.652881013907
452.63 7950.121854318541
569.8274 8228.180332741416
717.37075 8187.8462395942815
903.1156000000001 7659.618609669985
1136.953 6410.419864751076
1431.3429999999998 4858.605620508438
1801.9555 3147.0122136180394
2268.5205 1597.6305091856161
2855.9015 616.8300696493221
3595.365 112.30773176706572
4526.3 3.887452257978794
5698.274 0.0
