11.336355 2.375372083623518
14.31343 3.6654299281994778
18.019555 8.06429354717077
22.685205 13.451800067616219
28.559015 24.766228464893352
35.953649999999996 43.68267923871765
45.263 76.19725434751034
56.98274 127.66919057150383
71.737075 213.20379520729892
90.31156 356.3233810306551
113.6953 573.2441223769936
143.1343 927.9943174874403
180.19555 1463.8238406434227
226.85205000000002 2144.903931700596
285.59015 3023.2027596039684
359.5365 3987.3044569146195
452.63 4868.033016942211
569.8274 5490.312023343133
717.37075 5692.216265849924
903.1156000000001 5396.155329274043
1136.953 4638.1386666017615
1431.3429999999998 3577.5471751781643
1801.9555 2584.9820121582597
2268.5205 1599.1250514949402
2855.9015 757.3104566045156
3595.365 209.39839038043294
4526.3 11.139287336982752
5698.274 0.0025036602234367986
