11.336355 0.793314746664641
14.31343 1.452807576393788
18.019555 2.8202866426960918
22.685205 5.4285620734533815
28.559015 10.252616288382837
35.953649999999996 19.044946791197674
45.263 36.07654297559239
56.98274 67.87908380931502
71.737075 121.42854373138275
90.31156 219.45794048148372
113.6953 391.6620606324261
143.1343 679.1413481913324
180.19555 1109.0239711920344
226.85205000000002 1671.24240082218
285.59015 2329.741008006219
359.5365 2929.7111728649875
452.63 3307.3290746055463
569.8274 3361.720301804061
717.37075 3113.611428883716
903.1156000000001 2633.3626933476817
1136.953 2054.027486481596
1431.3429999999998 1396.7561213143372
1801.9555 813.9990048736777
2268.5205 342.091932532741
2855.9015 102.67748833434901
3595.365 17.79277329430025
4526.3 0.5741324130618866
5698.274 0.00040680235018302944
