11.336355 14898393300.0
14.31343 17358006496.50747
18.019555 29230368139.103924
22.685205 37627274484.4726
28.559015 53817764105.85378
35.953649999999996 74143419255.53302
45.263 101462679474.45343
56.98274 133849751320.40552
71.737075 176507352943.17438
90.31156 233500163913.8926
113.6953 297941096890.9078
143.1343 383189667938.2954
180.19555 480909489670.43195
226.85205000000002 561388822998.1118
285.59015 631157063141.6748
359.5365 664775924548.6215
452.63 648966798976.191
569.8274 586036520100.6755
717.37075 487193591966.1298
903.1156000000001 370981573937.9727
1136.953 256639427352.81332
1431.3429999999998 159679927958.62717
1801.9555 93322870849.98538
2268.5205 46841004315.760635
2855.9015 18059989664.00325
3595.365 4081918430.4442167
4526.3 178285622.72749352
5698.274 33054.36651817647
