11.336355 15182932500.0
14.31343 19929286876.967537
18.019555 28288489818.84945
22.685205 40361509853.712814
28.559015 57157005907.617935
35.953649999999996 80391695436.34085
45.263 116261800310.37534
56.98274 168149647605.9447
71.737075 232545940846.91458
90.31156 326468921437.8204
113.6953 454380821679.41077
143.1343 616472286634.3896
180.19555 789848440141.6066
226.85205000000002 936057894177.7222
285.59015 1028250184738.8143
359.5365 1020716168398.0647
452.63 911032600890.733
569.8274 733222855467.9009
717.37075 538485665235.3858
903.1156000000001 361651650405.76794
1136.953 224346891249.4225
1431.3429999999998 121526320084.49113
1801.9555 56521229497.86755
2268.5205 18995940290.02652
2855.9015 4569895150.254392
3595.365 636418432.1435001
4526.3 16552752.666046988
5698.274 9484.332302024644
