11.336355 976181097000.0
14.31343 1145530636279.3582
18.019555 1341465977481.5693
22.685205 1611376009872.4922
28.559015 1916522513467.8103
35.953649999999996 2226869518780.367
45.263 2504395510830.2695
56.98274 2783997686969.1733
71.737075 3015194351343.9634
90.31156 3196519779745.809
113.6953 3251062818663.807
143.1343 3250376992346.621
180.19555 3162257078292.0737
226.85205000000002 3003361946214.9053
285.59015 2774954484306.2207
359.5365 2492344373871.4194
452.63 2189930311425.6643
569.8274 1794643616138.9863
717.37075 1416052686687.9133
903.1156000000001 1051930187460.9442
1136.953 700164811681.2252
1431.3429999999998 422728386718.3689
1801.9555 218517465615.45367
2268.5205 88714438640.2916
2855.9015 27453425181.598625
3595.365 4017064084.7587805
4526.3 112078737.0011327
5698.274 0.0
