11.336355 0.038974114798178826
14.31343 0.0904907419134058
18.019555 0.2028864821014909
22.685205 0.46453179756642654
28.559015 0.8548701003807996
35.953649999999996 2.011498217537895
45.263 3.17672546967727
56.98274 4.929118021995676
71.737075 7.983385248368301
90.31156 12.977458538415965
113.6953 19.58942423492919
143.1343 28.44300435696128
180.19555 44.163641693275416
226.85205000000002 60.88088090640636
285.59015 91.12484853846739
359.5365 118.94888983341012
452.63 92.41503352510377
569.8274 88.22881653786301
717.37075 91.34271372889337
903.1156000000001 93.98145065133416
1136.953 98.66849384966862
1431.3429999999998 106.72067590702038
1801.9555 97.63181759428592
2268.5205 47.42213603883398
2855.9015 3.5157627514758754
3595.365 0.0
4526.3 0.0
5698.274 0.0
