11.336355 1040690736000.0
14.31343 1227513836516.7136
18.019555 1474723007816.001
22.685205 1800865742385.294
28.559015 2180740186296.1611
35.953649999999996 2603770503060.7197
45.263 3018942253999.202
56.98274 3368370070700.237
71.737075 3713298185285.1104
90.31156 3972855144632.2764
113.6953 4125952275979.872
143.1343 4203962675821.817
180.19555 4240498343955.708
226.85205000000002 4117231784726.796
285.59015 3885571090076.7637
359.5365 3603223140660.509
452.63 3284902157183.628
569.8274 2981637174449.7896
717.37075 2593517448441.6147
903.1156000000001 2083246530138.4824
1136.953 1577665779977.7197
1431.3429999999998 1108413248394.8557
1801.9555 668199066404.6893
2268.5205 349112053555.042
2855.9015 164008614332.53616
3595.365 63756621673.00656
4526.3 9678055715.942322
5698.274 56411195.91827018
