11.336355 0.01123683022238583
14.31343 0.02752117704009707
18.019555 0.07406587137362472
22.685205 0.17211417258935308
28.559015 0.34976679462416016
35.953649999999996 0.6472891894049803
45.263 1.1372378613845138
56.98274 2.0489258158014407
71.737075 3.782526463438214
90.31156 5.481625925040784
113.6953 9.920870016416943
143.1343 13.587195354086935
180.19555 18.561044046847485
226.85205000000002 21.362155730202158
285.59015 25.174863481249687
359.5365 39.8960976830609
452.63 51.00765991946476
569.8274 44.60204069882228
717.37075 56.02326241715511
903.1156000000001 74.30102699479365
1136.953 85.65877701559324
1431.3429999999998 84.30564562498479
1801.9555 54.13855074149439
2268.5205 12.801171389308589
2855.9015 1.6032727365261792
3595.365 0.0
4526.3 0.0
5698.274 0.0
