11.336355 1240854900.0
14.31343 1506640957.7786727
18.019555 2272575705.46323
22.685205 3229592159.13308
28.559015 4187710981.516809
35.953649999999996 5182491287.729521
45.263 6297795485.3763485
56.98274 8002488630.15194
71.737075 10700598080.386055
90.31156 11371320462.27445
113.6953 15288307343.428917
143.1343 15750912008.045643
180.19555 16297306807.629839
226.85205000000002 14334777742.020466
285.59015 12973938081.866129
359.5365 15895708285.688803
452.63 15787096500.876032
569.8274 10749143143.187191
717.37075 10560467057.87458
903.1156000000001 10992191546.66027
1136.953 9973074736.354843
1431.3429999999998 7750945106.760169
1801.9555 3940370154.7995725
2268.5205 741259798.4949497
2855.9015 73976124.95510179
3595.365 0.0
4526.3 0.0
5698.274 0.0
