11.336355 0.12016378199361569
14.31343 0.31596954712685416
18.019555 0.7954794135178854
22.685205 1.8650605606877548
28.559015 3.873262936303058
35.953649999999996 6.984515471165216
45.263 13.13770110714341
56.98274 22.985857600285
71.737075 40.727393986843566
90.31156 61.88692199027968
113.6953 95.79517795196708
143.1343 139.96420113107717
180.19555 181.94819945937454
226.85205000000002 219.15587798404215
285.59015 266.1055513033716
359.5365 342.4426474122093
452.63 390.1687143121015
569.8274 393.2066850678038
717.37075 445.1596203385842
903.1156000000001 496.694384152423
1136.953 510.88066953327103
1431.3429999999998 447.1422320543383
1801.9555 265.5612456108134
2268.5205 71.7616636196196
2855.9015 5.606620477784846
3595.365 0.0
4526.3 0.0
5698.274 0.0
