11.336355 26.766276517723963
14.31343 46.93064791629009
18.019555 88.41510617093357
22.685205 157.32513128950157
28.559015 285.5114743976931
35.953649999999996 496.4448436598859
45.263 853.6489283680816
56.98274 1386.2628877342781
71.737075 2182.3084613260235
90.31156 3332.996895393443
113.6953 4788.544665167446
143.1343 6625.618270040707
180.19555 8648.286624419034
226.85205000000002 10910.67627746304
285.59015 13173.202302487447
359.5365 15400.42339005799
452.63 17029.147242036517
569.8274 17818.17173342478
717.37075 17394.959293725122
903.1156000000001 15699.34147450273
1136.953 12675.15210216033
1431.3429999999998 8739.768277472946
1801.9555 5038.409520847298
2268.5205 2439.9498657629033
2855.9015 967.0755144081796
3595.365 249.79758672575852
4526.3 12.610057932056389
5698.274 0.0065966988665417834
