11.336355 0.4051263264628281
14.31343 0.9573578320860393
18.019555 2.319785073302979
22.685205 5.099166043707519
28.559015 9.690946190205041
35.953649999999996 21.47453314989949
45.263 35.07261149444091
56.98274 57.191383045692994
71.737075 90.32944807464523
90.31156 143.56800372970147
113.6953 226.56006158706924
143.1343 304.68392579574873
180.19555 414.0200762797349
226.85205000000002 529.0368135978438
285.59015 700.2134672684715
359.5365 816.7942774711224
452.63 782.1375964889913
569.8274 778.180643554544
717.37075 838.3513805400094
903.1156000000001 822.8028367468663
1136.953 771.2051998280165
1431.3429999999998 670.3022274446855
1801.9555 476.49300398861385
2268.5205 179.84117058550223
2855.9015 13.980526340542847
3595.365 0.0
4526.3 0.0
5698.274 0.0
