11.336355 10155284550000.0
14.31343 12303557858215.521
18.019555 14375287826624.746
22.685205 16358115899227.566
28.559015 18040027811554.73
35.953649999999996 19445413272417.684
45.263 20250560391720.953
56.98274 20818055462737.633
71.737075 20900708388800.684
90.31156 20315211942193.59
113.6953 19404546340675.676
143.1343 18225285061858.633
180.19555 16858875075323.217
226.85205000000002 15329755309009.156
285.59015 13704985884872.621
359.5365 11957773637934.91
452.63 10287144277807.088
569.8274 8603063958901.044
717.37075 6856697842120.6875
903.1156000000001 5126574902919.83
1136.953 3691806919663.1533
1431.3429999999998 2503689293525.756
1801.9555 1462055542356.3052
2268.5205 742647745919.3547
2855.9015 321941404364.04846
3595.365 121684237247.09053
4526.3 19465196352.89928
5698.274 132344756.55992022
