11.336355 154797192000.0
14.31343 204926822618.30762
18.019555 295502909369.3224
22.685205 405777340905.93365
28.559015 572079879969.6776
35.953649999999996 776965398664.0592
45.263 1048126340734.8546
56.98274 1340122169422.5542
71.737075 1665909245847.3716
90.31156 2013933423744.0652
113.6953 2294888955211.209
143.1343 2522680299905.464
180.19555 2619822917875.2046
226.85205000000002 2633145866784.4766
285.59015 2535880966503.59
359.5365 2367532102441.198
452.63 2093289021476.648
569.8274 1753711402467.7334
717.37075 1372811547164.908
903.1156000000001 995214429489.7177
1136.953 646695977824.8286
1431.3429999999998 359693183905.3633
1801.9555 167722512765.40677
2268.5205 65901000113.09512
2855.9015 21265287702.839916
3595.365 4490002187.557501
4526.3 186098695.4350378
5698.274 80305.89737711131
