11.336355 11611728000.0
14.31343 15096095030.125444
18.019555 22035834374.076775
22.685205 31195050058.840595
28.559015 39481441519.46759
35.953649999999996 60707413654.112625
45.263 70570916076.42001
56.98274 83268138715.322
71.737075 97590832103.173
90.31156 115997260138.84616
113.6953 138735067715.8708
143.1343 142851346729.35562
180.19555 149066343416.794
226.85205000000002 148095060905.79932
285.59015 152657215841.99246
359.5365 139542259301.58377
452.63 105162259432.08298
569.8274 82594786138.01227
717.37075 70603415180.72847
903.1156000000001 55124023127.11196
1136.953 41248011743.96297
1431.3429999999998 28722584666.809917
1801.9555 16407638875.980726
2268.5205 5004636506.127309
2855.9015 315530709.7056223
3595.365 0.0
4526.3 0.0
5698.274 0.0
