11.336355 9560152440000.002
14.31343 11368801184651.574
18.019555 13245455646403.729
22.685205 14796053234054.477
28.559015 16190555387147.941
35.953649999999996 17030936243019.896
45.263 17597294312599.242
56.98274 17807174608355.37
71.737075 17615859409834.23
90.31156 17038906849762.494
113.6953 16085200825991.742
143.1343 14821362363824.97
180.19555 13446144359682.494
226.85205000000002 11923955425202.822
285.59015 10357840822751.322
359.5365 8735510258479.12
452.63 7133913425887.451
569.8274 5441551147963.17
717.37075 3992368501612.228
903.1156000000001 2765095934836.907
1136.953 1696489801086.2021
1431.3429999999998 921928514091.995
1801.9555 445195682851.8699
2268.5205 177365182070.50397
2855.9015 51706476981.970146
3595.365 7600305563.176262
4526.3 250085671.69573152
5698.274 0.0
