11.336355 1755.9695422735444
14.31343 2817.6591750368175
18.019555 4301.11704193158
22.685205 6342.253428319085
28.559015 9003.349215716838
35.953649999999996 12424.716941740204
45.263 16493.11586342317
56.98274 21534.82595935432
71.737075 27379.518349084443
90.31156 33621.041060389995
113.6953 40489.77474427959
143.1343 47867.25519166092
180.19555 55652.762948924785
226.85205000000002 63520.21728046917
285.59015 71193.62225549729
359.5365 77783.43391280179
452.63 83687.10331422555
569.8274 87409.4054686723
717.37075 86881.53891142554
903.1156000000001 80870.86321369061
1136.953 72358.90718840018
1431.3429999999998 60834.247751445306
1801.9555 43920.368489345194
2268.5205 27496.14216560254
2855.9015 14640.838797260909
3595.365 6769.802672061304
4526.3 1318.9627852850556
5698.274 10.871412114254094
