11.336355 12235398000.0
14.31343 15949803038.692228
18.019555 22505905925.802917
22.685205 32269431795.080837
28.559015 42760466561.35681
35.953649999999996 51563672560.34176
45.263 67084772558.64784
56.98274 82780276847.99251
71.737075 106238035200.29626
90.31156 118377105886.2857
113.6953 136119587750.6695
143.1343 149609849713.55692
180.19555 147308746397.89493
226.85205000000002 135602076997.35991
285.59015 126452075713.53728
359.5365 125806952637.03223
452.63 111349081168.82253
569.8274 87379054450.17392
717.37075 77374494588.10648
903.1156000000001 67755733633.28773
1136.953 54845879573.092575
1431.3429999999998 37906267605.23334
1801.9555 17822245573.687515
2268.5205 3831603528.6771064
2855.9015 238535301.69227886
3595.365 0.0
4526.3 0.0
5698.274 0.0
