11.336355 165936033000.0
14.31343 227907583792.79742
18.019555 323527302730.9127
22.685205 457687249633.496
28.559015 647949154382.7474
35.953649999999996 899645330507.1902
45.263 1223014320541.6072
56.98274 1581206032189.9192
71.737075 1982862908602.6177
90.31156 2391581295781.461
113.6953 2738035464993.247
143.1343 3007859662934.556
180.19555 3104533111348.0396
226.85205000000002 3103734907182.0166
285.59015 2965643098593.713
359.5365 2699180014817.6333
452.63 2303986892859.476
569.8274 1815246797999.279
717.37075 1319624519068.499
903.1156000000001 885996453723.1626
1136.953 530616238187.3756
1431.3429999999998 270579490015.51538
1801.9555 112082501300.41714
2268.5205 31759103320.34482
2855.9015 6037610609.186151
3595.365 718716211.9924241
4526.3 16969407.476829983
5698.274 31203.77943490948
