11.336355 541.7355700640336
14.31343 898.8012705129667
18.019555 1432.1320323251944
22.685205 2158.2212184807213
28.559015 3149.630798120469
35.953649999999996 4375.621701015233
45.263 5921.973195499981
56.98274 7795.925787379793
71.737075 9975.818241417397
90.31156 12421.780539757618
113.6953 15036.6353591571
143.1343 17707.914187852286
180.19555 20475.17427050515
226.85205000000002 23088.182565257088
285.59015 25451.345660575906
359.5365 27191.97547691627
452.63 28086.91201465027
569.8274 27057.082588982266
717.37075 25035.343540759695
903.1156000000001 21835.497921433365
1136.953 16844.965148458177
1431.3429999999998 11491.590776977559
1801.9555 6953.378757300605
2268.5205 3464.0414049095143
2855.9015 1259.9305816644262
3595.365 230.44358221050203
4526.3 9.407263719077719
5698.274 0.0
