11.336355 9.402930758227457
14.31343 18.018049796583252
18.019555 34.980586998417834
22.685205 66.7603933266206
28.559015 126.04883300544483
35.953649999999996 231.13865117061044
45.263 411.5779332493433
56.98274 692.247094366441
71.737075 1122.8904314952233
90.31156 1743.5213573927458
113.6953 2559.547831135344
143.1343 3593.6589021228
180.19555 4727.441174438326
226.85205000000002 6009.717045714363
285.59015 7287.19516932686
359.5365 8402.03200488051
452.63 9071.02080995628
569.8274 9025.97094051693
717.37075 8275.101150194005
903.1156000000001 6996.565102834502
1136.953 5268.650618323497
1431.3429999999998 3372.700512429661
1801.9555 1750.5832011105822
2268.5205 620.273086296847
2855.9015 147.11832425457527
3595.365 21.791694703269357
4526.3 0.6383240199592513
5698.274 0.0014514983933409246
