11.336355 1.5828471983970676
14.31343 2.588084844645448
18.019555 4.009069814370104
22.685205 5.903778881911248
28.559015 8.410730828141626
35.953649999999996 11.584974627024842
45.263 15.559495077179823
56.98274 20.238481899983697
71.737075 25.814362165296103
90.31156 31.62461895003004
113.6953 37.3461757534906
143.1343 42.54998538832242
180.19555 47.226285288196244
226.85205000000002 51.54035407270895
285.59015 55.43508935251668
359.5365 57.291665763516136
452.63 57.90611216137724
569.8274 56.48825186445184
717.37075 52.61717437398948
903.1156000000001 45.60977625613523
1136.953 36.03881499279799
1431.3429999999998 27.22287843184931
1801.9555 18.943311109015706
2268.5205 10.869011377047816
2855.9015 6.146108899994241
3595.365 2.9854004882001153
4526.3 0.8341058779826906
5698.274 0.053284721466952976
