11.336355 32620480.125
14.31343 46342388.6525152
18.019555 64809556.304146945
22.685205 92202033.31496164
28.559015 125625460.65068433
35.953649999999996 173245226.44217673
45.263 235645784.68322647
56.98274 310485813.4087663
71.737075 415163766.87713856
90.31156 542269797.1070983
113.6953 700653349.3068557
143.1343 856620040.4395161
180.19555 998193553.0576648
226.85205000000002 941746268.9247797
285.59015 844889289.9130597
359.5365 741763874.9553212
452.63 657766962.3427191
569.8274 629647847.5264467
717.37075 607429207.3043116
903.1156000000001 511350634.93586576
1136.953 352840271.2595244
1431.3429999999998 197003015.62752578
1801.9555 89313737.32934672
2268.5205 29282661.518248767
2855.9015 5864962.665675124
3595.365 733246.0021208938
4526.3 14789.03701789576
5698.274 0.0
