11.336355 0.020565212236543482
14.31343 0.036490229898779175
18.019555 0.06885240626806444
22.685205 0.12395626742841939
28.559015 0.22410246536382947
35.953649999999996 0.39766510280282547
45.263 0.6976434088677584
56.98274 1.1586241965015431
71.737075 1.8771441199609766
90.31156 2.8752693977524872
113.6953 4.150454768689055
143.1343 5.626875445258055
180.19555 7.176662471585116
226.85205000000002 8.903974603463094
285.59015 10.87417603718847
359.5365 13.41438277869207
452.63 16.261030787041392
569.8274 18.91115103448375
717.37075 20.156578714536053
903.1156000000001 18.925497687105064
1136.953 15.69508314462005
1431.3429999999998 11.342972178519583
1801.9555 7.21990460179742
2268.5205 3.8941594108877706
2855.9015 1.6559771855489616
3595.365 0.49680278743510065
4526.3 0.056697755983017406
5698.274 0.0006136508591140176
