11.336355 878803597.5
14.31343 1284058063.6220245
18.019555 1709962156.3983397
22.685205 2498745959.2904577
28.559015 3503977046.0959616
35.953649999999996 4931920123.720577
45.263 6765867643.02442
56.98274 8886101497.24939
71.737075 11212677996.943329
90.31156 13659395920.58444
113.6953 15624639825.52379
143.1343 16625582701.036015
180.19555 16920966249.05513
226.85205000000002 16634969707.26718
285.59015 16199320771.589113
359.5365 15863480540.713043
452.63 15298338706.431181
569.8274 14174721362.106094
717.37075 12082372351.950392
903.1156000000001 9257440537.904886
1136.953 6112995452.140791
1431.3429999999998 3606606604.4100347
1801.9555 1832695662.3329635
2268.5205 794898803.3131735
2855.9015 271149705.0932287
3595.365 65482066.89702693
4526.3 5526255.328011562
5698.274 7868.886981281166
