11.336355 67599236381.25
14.31343 81233084759.80316
18.019555 95280959960.2593
22.685205 107262672236.4177
28.559015 117681993048.98285
35.953649999999996 126273839978.48987
45.263 131421029700.61519
56.98274 134042876309.60654
71.737075 133895584487.57907
90.31156 128529924130.81993
113.6953 119469389132.40189
143.1343 107328871685.19478
180.19555 93729688889.22461
226.85205000000002 79999343411.18472
285.59015 66406442320.49325
359.5365 54106749808.26552
452.63 42110207678.456566
569.8274 31570274862.699432
717.37075 22489929192.565952
903.1156000000001 14890424736.077015
1136.953 8937233273.062523
1431.3429999999998 4792766714.605091
1801.9555 2310658809.223812
2268.5205 996123543.1742492
2855.9015 375925836.31774336
3595.365 108852234.96648559
4526.3 21076530.632524956
5698.274 1681988.060941027
