11.336355 33213956.625
14.31343 46795755.5607949
18.019555 66775002.83566315
22.685205 90678851.28073265
28.559015 129525861.68801728
35.953649999999996 178010833.47411564
45.263 230059184.49562418
56.98274 298792518.65176487
71.737075 400562397.83351135
90.31156 575983316.0268342
113.6953 707900571.5014751
143.1343 847984933.8601477
180.19555 978995804.6649151
226.85205000000002 942468213.3718413
285.59015 868081154.5291528
359.5365 712886177.4190538
452.63 628803941.9561232
569.8274 630623226.2597852
717.37075 606537750.7995099
903.1156000000001 508905479.0306992
1136.953 356651531.6368811
1431.3429999999998 198280997.601062
1801.9555 92984534.2488553
2268.5205 42866970.282607995
2855.9015 19591304.99364674
3595.365 10238693.259736769
4526.3 3967253.013371044
5698.274 18538.507207588165
