11.336355 970214437.5
14.31343 1348270824.5783358
18.019555 1957662056.1387496
22.685205 2801834528.0416718
28.559015 3960601837.086006
35.953649999999996 5690151959.905882
45.263 7825423547.113921
56.98274 10351353384.365738
71.737075 13191350429.96878
90.31156 15914940860.331696
113.6953 17923161384.29781
143.1343 18807213941.630135
180.19555 18619110739.772427
226.85205000000002 17803854009.12751
285.59015 16872405941.935425
359.5365 16081594961.218391
452.63 15225054146.798328
569.8274 13880079964.59307
717.37075 11752123528.182688
903.1156000000001 8812342032.221031
1136.953 5853185668.112294
1431.3429999999998 3396566139.6864614
1801.9555 1749378540.5691426
2268.5205 776021269.1221597
2855.9015 305207613.76821744
3595.365 97549272.79013476
4526.3 22663383.995200623
5698.274 1875994.5936398492
