11.336355 0.006536569417965229
14.31343 0.012809358444178751
18.019555 0.024953054246932227
22.685205 0.04900020217075207
28.559015 0.0943440237326084
35.953649999999996 0.1780094232160677
45.263 0.326531735862961
56.98274 0.5621252061459044
71.737075 0.932717625752725
90.31156 1.4343611475099882
113.6953 2.073539335340267
143.1343 2.7715138910578125
180.19555 3.4975321422922705
226.85205000000002 4.239558534451068
285.59015 5.097602525084432
359.5365 6.099580480831406
452.63 7.443500639258033
569.8274 8.646010946967124
717.37075 9.171415193901357
903.1156000000001 8.623719445217555
1136.953 7.076069444364357
1431.3429999999998 5.136589310046148
1801.9555 3.296546655366914
2268.5205 1.8099617659741971
2855.9015 0.7020865003201637
3595.365 0.2111640445276015
4526.3 0.02062148489075443
5698.274 0.0014326890369570776
