11.336355 0.4929586472249094
14.31343 0.8417011038260909
18.019555 1.341051589638639
22.685205 2.032721629511843
28.559015 2.9856298193329005
35.953649999999996 4.210242365112533
45.263 5.741768395803376
56.98274 7.54089978846558
71.737075 9.694143318896296
90.31156 11.89875942424487
113.6953 14.233392592112654
143.1343 16.33530686466373
180.19555 18.21547358917439
226.85205000000002 19.790175352362315
285.59015 20.759349788084215
359.5365 21.038091417268525
452.63 20.783918591862832
569.8274 19.918973269856643
717.37075 17.787316742323
903.1156000000001 14.630624766751392
1136.953 10.996434201227393
1431.3429999999998 7.360265085793168
1801.9555 4.429699565044559
2268.5205 2.332073464352912
2855.9015 0.9346292055233947
3595.365 0.24708894915391413
4526.3 0.036485171393960354
5698.274 0.006585501385573408
