11.336355 4.024849809813546e-05
14.31343 0.00011533793210821605
18.019555 0.00028778975943006874
22.685205 0.0006694928772546322
28.559015 0.0014296049867370958
35.953649999999996 0.0029482042034187626
45.263 0.0057977427703723855
56.98274 0.010831271471424826
71.737075 0.0199953899323346
90.31156 0.035616433080211216
113.6953 0.06194839630783814
143.1343 0.10068130953487145
180.19555 0.15489515422289232
226.85205000000002 0.19121613350679806
285.59015 0.22337348451726163
359.5365 0.25366042986578674
452.63 0.2895620905998832
569.8274 0.35597140879571854
717.37075 0.4390535073713184
903.1156000000001 0.47094028195033655
1136.953 0.4129119521743998
1431.3429999999998 0.2919519515237511
1801.9555 0.16719542074385343
2268.5205 0.06890112664522788
2855.9015 0.017318791832630742
3595.365 0.0027063714787613556
4526.3 6.799563654228705e-05
5698.274 0.0
