11.336355 0.00016857560353749132
14.31343 0.00040673517239334523
18.019555 0.0009340257300750199
22.685205 0.0019371496967426393
28.559015 0.004100038819547733
35.953649999999996 0.008010001795648291
45.263 0.014514625715270981
56.98274 0.025883514232232965
71.737075 0.04681356465414853
90.31156 0.08985360065373962
113.6953 0.14555658714359918
143.1343 0.22782886271154343
180.19555 0.34228809071117233
226.85205000000002 0.42427902084518
285.59015 0.5010524221389501
359.5365 0.5248082898655904
452.63 0.5876186837630447
569.8274 0.7470348639433276
717.37075 0.9073636460060779
903.1156000000001 0.9553070705903436
1136.953 0.8365150598400599
1431.3429999999998 0.5802752301253533
1801.9555 0.3387872594313249
2268.5205 0.19374785835647296
2855.9015 0.10922574922599017
3595.365 0.07008158178007819
4526.3 0.03321094616732116
5698.274 0.00018838338237382016
