11.336355 72863540092.5
14.31343 89953263406.72626
18.019555 106653488493.51694
22.685205 121203714556.91011
28.559015 134141450824.73628
35.953649999999996 144318470933.88892
45.263 152063853996.07635
56.98274 155730215819.59692
71.737075 156852974353.62347
90.31156 152100856480.73163
113.6953 142462456140.0186
143.1343 128952978587.3616
180.19555 113873273728.05533
226.85205000000002 99007205647.0119
285.59015 84941203932.82623
359.5365 70105295331.22302
452.63 56657428590.04367
569.8274 44253668468.13175
717.37075 33053023054.607864
903.1156000000001 23013852634.537964
1136.953 14635704768.515896
1431.3429999999998 8917897811.338085
1801.9555 5019378497.140848
2268.5205 2336669574.5489984
2855.9015 1075739917.0425377
3595.365 427127045.33031875
4526.3 97981387.776912
5698.274 5163208.200083738
