11.336355 2.370052865337611
14.31343 4.168486586416429
18.019555 7.984286806937826
22.685205 13.856694435478978
28.559015 25.360530828800428
35.953649999999996 44.924501894960216
45.263 78.6881063883069
56.98274 131.66137384332515
71.737075 214.88892707915562
90.31156 349.8923442595823
113.6953 539.9473561406613
143.1343 815.0030892618015
180.19555 1148.4411412864051
226.85205000000002 1532.442062944302
285.59015 1934.7832027090585
359.5365 2328.557523404195
452.63 2631.121102696185
569.8274 2824.3663629580033
717.37075 2814.7930907352975
903.1156000000001 2598.295645516635
1136.953 2170.2534813208663
1431.3429999999998 1557.7007963606356
1801.9555 975.8268945885436
2268.5205 510.3158684107332
2855.9015 217.82871603983347
3595.365 57.306136910948815
4526.3 2.9258574655876
5698.274 0.00150019141479135
