11.336355 0.03770461439238999
14.31343 0.08756054263883671
18.019555 0.21091475766239504
22.685205 0.46154645811928513
28.559015 0.8681244291785397
35.953649999999996 2.0019428461386077
45.263 3.191427368825758
56.98274 5.128328364041559
71.737075 8.134288695132737
90.31156 13.057646912846222
113.6953 20.27329898491981
143.1343 29.280990723518947
180.19555 43.25945961199513
226.85205000000002 56.17961066028695
285.59015 77.56364268655064
359.5365 97.86595936737181
452.63 89.2778610845073
569.8274 81.38025986851571
717.37075 86.84855499582714
903.1156000000001 88.6349944380933
1136.953 86.18030023818613
1431.3429999999998 87.23265088087078
1801.9555 73.94381222308873
2268.5205 34.24124070203955
2855.9015 3.0748254193911033
3595.365 0.0
4526.3 0.0
5698.274 0.0
