11.336355 58743033000.00001
14.31343 78008850677.31499
18.019555 114365394405.78424
22.685205 153169587874.3541
28.559015 217778329171.43796
35.953649999999996 301326383588.41925
45.263 414063210299.87164
56.98274 545481959874.9204
71.737075 703027727869.9369
90.31156 906082735232.4777
113.6953 1109003117093.377
143.1343 1329897821615.5923
180.19555 1490986870299.788
226.85205000000002 1585004598711.9487
285.59015 1596221020327.7515
359.5365 1534169701352.6936
452.63 1386118460853.7405
569.8274 1191349619983.97
717.37075 952044388900.8059
903.1156000000001 705906219796.7661
1136.953 474548556301.96576
1431.3429999999998 274751167582.38562
1801.9555 139217520450.15292
2268.5205 59070873147.98702
2855.9015 20528122073.11163
3595.365 4414511595.967493
4526.3 185055768.39937782
5698.274 78269.15958133788
