11.336355 0.8301492636943457
14.31343 1.5807798104446
18.019555 3.0088813152092495
22.685205 5.761584851629772
28.559015 11.143175222140282
35.953649999999996 21.052147095551618
45.263 38.7624660640721
56.98274 69.66728758768214
71.737075 121.73107443489644
90.31156 204.7444420985206
113.6953 330.22583838028254
143.1343 504.6646953839926
180.19555 712.3611316943002
226.85205000000002 945.9703532133473
285.59015 1184.4167235586997
359.5365 1375.3412769125266
452.63 1488.7516446042441
569.8274 1485.2702466374617
717.37075 1370.6118178419688
903.1156000000001 1170.850685394505
1136.953 906.7914123680764
1431.3429999999998 606.8950404022838
1801.9555 338.4681262491563
2268.5205 130.52269987637212
2855.9015 33.20638488816318
3595.365 5.023671085010342
4526.3 0.14661446204724937
5698.274 0.00016659097981054362
