11.336355 62785140000.0
14.31343 85693047766.98732
18.019555 119264753846.52458
22.685205 169283684930.48724
28.559015 245490263807.2713
35.953649999999996 351170775062.81934
45.263 493644240159.16016
56.98274 681992247378.7366
71.737075 921255254237.894
90.31156 1203630578824.5332
113.6953 1513944956455.08
143.1343 1810284593616.5066
180.19555 2004904047585.296
226.85205000000002 2093781395382.936
285.59015 2065790276424.5771
359.5365 1893569327399.28
452.63 1620575652518.6335
569.8274 1280178249982.5078
717.37075 936730696159.4778
903.1156000000001 635436025607.9282
1136.953 391391824348.9766
1431.3429999999998 208667060611.02078
1801.9555 92874406107.47906
2268.5205 28641420800.44285
2855.9015 5840407403.146771
3595.365 710085831.5214953
4526.3 16704193.687678892
5698.274 15348.47874750441
