11.336355 0.011012163787729451
14.31343 0.028600426850928076
18.019555 0.07232262884660033
22.685205 0.16939760555679392
28.559015 0.3520347971147983
35.953649999999996 0.6465340199456211
45.263 1.170302179496528
56.98274 2.0794316903096055
71.737075 3.7788674177604253
90.31156 5.662912653217578
113.6953 9.421625484209232
143.1343 13.573931108691747
180.19555 17.974272137457426
226.85205000000002 20.86000319293284
285.59015 25.572933569912724
359.5365 36.474836807534
452.63 44.74018743741299
569.8274 42.44531693670759
717.37075 51.35057853513393
903.1156000000001 62.09752830151975
1136.953 67.55820824666824
1431.3429999999998 64.42494623030021
1801.9555 42.96820721847561
2268.5205 11.88864657640563
2855.9015 0.9852983682869806
3595.365 0.0
4526.3 0.0
5698.274 0.0
