11.336355 165.90715416029417
14.31343 267.18491996129023
18.019555 413.058824977944
22.685205 634.0618032766104
28.559015 945.1058202189453
35.953649999999996 1380.5377416281863
45.263 1927.806899152516
56.98274 2633.7363047013077
71.737075 3505.416092973413
90.31156 4518.298127975149
113.6953 5641.551842747168
143.1343 6829.542772647612
180.19555 8129.976453312961
226.85205000000002 9474.673071645457
285.59015 10877.24248496693
359.5365 12258.798339190218
452.63 13560.610121395213
569.8274 14636.152093409242
717.37075 14949.235229667887
903.1156000000001 14165.045908061253
1136.953 12740.448379265941
1431.3429999999998 10728.071034195647
1801.9555 7640.457673059841
2268.5205 4566.364084481763
2855.9015 2552.56888697217
3595.365 1298.3765375463
4526.3 279.5062525973485
5698.274 2.5366628266592888
