11.336355 51.34893820279129
14.31343 85.16716289938778
18.019555 135.5363721568199
22.685205 214.2908326080024
28.559015 327.13808292766754
35.953649999999996 479.81238993147184
45.263 680.3955893445384
56.98274 939.5616764899881
71.737075 1251.8256558534044
90.31156 1623.0113518516798
113.6953 2022.7052390838749
143.1343 2458.9780406870555
180.19555 2914.323202701174
226.85205000000002 3369.7143241228982
285.59015 3795.128217300176
359.5365 4170.824435409561
452.63 4447.072576872943
569.8274 4421.901878149292
717.37075 4227.758881761323
903.1156000000001 3796.2451766611525
1136.953 3034.4722161516916
1431.3429999999998 2122.6217826959137
1801.9555 1300.7880150666338
2268.5205 649.1305243438247
2855.9015 235.66519847720699
3595.365 41.185163608346166
4526.3 1.798478036169172
5698.274 0.0
