11.336355 4805520000.0
14.31343 6187366281.378001
18.019555 8769300913.575525
22.685205 12561134384.250326
28.559015 16656136202.785072
35.953649999999996 20456067818.608345
45.263 25610956773.336266
56.98274 32094752845.17999
71.737075 42245288256.453636
90.31156 46422862113.3983
113.6953 57375439867.94146
143.1343 62183057528.25117
180.19555 62367063903.37194
226.85205000000002 55316004529.09247
285.59015 52080577738.97476
359.5365 57429279676.87101
452.63 54721149152.76484
569.8274 40424014726.08213
717.37075 38251689115.86166
903.1156000000001 36303987675.840004
1136.953 31083210743.20331
1431.3429999999998 23406830666.819054
1801.9555 12358568668.633156
2268.5205 2720468475.1302285
2855.9015 179656312.0338841
3595.365 0.0
4526.3 0.0
5698.274 0.0
