11.336355 3883579032000.0
14.31343 4616856636385.92
18.019555 5372332893565.767
22.685205 6296174182081.782
28.559015 7207031450044.186
35.953649999999996 8003748410658.903
45.263 8664912164113.851
56.98274 9197627774640.613
71.737075 9473759828362.66
90.31156 9541192292428.73
113.6953 9273242851396.281
143.1343 8820609216006.346
180.19555 8202213912443.98
226.85205000000002 7458421012495.171
285.59015 6619240351088.049
359.5365 5742389437033.722
452.63 4840846066691.926
569.8274 3811308158080.4546
717.37075 2889418775581.663
903.1156000000001 2060272054654.0422
1136.953 1309747313899.137
1431.3429999999998 729815237722.9651
1801.9555 356931436084.79224
2268.5205 142442812780.86874
2855.9015 41449280747.84078
3595.365 5821440267.943241
4526.3 204905607.8078065
5698.274 0.0
