11.336355 4112097909000.0
14.31343 5000085304918.495
18.019555 5916575465493.574
22.685205 7008813360716.295
28.559015 8115901351076.685
35.953649999999996 9259812074595.586
45.263 10144276564011.328
56.98274 10911747305567.357
71.737075 11468272211969.451
90.31156 11700604467510.832
113.6953 11587238103302.46
143.1343 11144244942925.598
180.19555 10554905873676.887
226.85205000000002 9799652954577.07
285.59015 8973864913337.861
359.5365 8076707059176.991
452.63 7143955483631.887
569.8274 6173694200298.039
717.37075 5056263483667.18
903.1156000000001 3848366534986.424
1136.953 2785831902612.897
1431.3429999999998 1892244036491.8545
1801.9555 1090035105863.9738
2268.5205 528572851206.821
2855.9015 240553434204.74142
3595.365 100018926242.3511
4526.3 17678319930.203823
5698.274 132344756.55992022
