11.336355 4631526000.0
14.31343 5917278165.849915
18.019555 8586416142.693221
22.685205 12101108922.60152
28.559015 15157654758.893723
35.953649999999996 24254531427.147064
45.263 27521102659.31629
56.98274 31999802481.75004
71.737075 37663654825.07864
90.31156 45214549195.26569
113.6953 53204765869.545204
143.1343 58836086528.03174
180.19555 66751726360.275894
226.85205000000002 67399491587.23506
285.59015 72471673465.61722
359.5365 71655236936.7112
452.63 51445067052.081955
569.8274 37018131689.79808
717.37075 31346238728.002197
903.1156000000001 25449166460.93555
1136.953 19754420208.316383
1431.3429999999998 16019728104.191055
1801.9555 10912257663.931988
2268.5205 4083721589.475223
2855.9015 297414261.35044444
3595.365 0.0
4526.3 0.0
5698.274 0.0
