11.336355 390487833.75
14.31343 500162011.33054805
18.019555 686939166.6660091
22.685205 954925902.5517544
28.559015 1417183721.7712684
35.953649999999996 1928612909.9163947
45.263 2677358274.1493754
56.98274 3550245478.8426056
71.737075 4706393196.725103
90.31156 6188130709.627095
113.6953 8021738928.035025
143.1343 10305778962.862637
180.19555 12845144238.918526
226.85205000000002 15223313270.223219
285.59015 17024548541.347294
359.5365 18029067874.016945
452.63 18083976083.289085
569.8274 17367179274.23877
717.37075 16235882047.88163
903.1156000000001 14968767281.527952
1136.953 13795190950.810987
1431.3429999999998 12752594571.762903
1801.9555 11389825336.118437
2268.5205 9189839905.040775
2855.9015 5998582696.692781
3595.365 2520273068.507547
4526.3 391489486.7659269
5698.274 5709395.129169484
