11.336355 0.7748195082647358
14.31343 1.2316449876886717
18.019555 1.9965496121555373
22.685205 3.1865977414140385
28.559015 5.003587757835451
35.953649999999996 7.70082215214935
45.263 11.42991546371396
56.98274 16.368968146846253
71.737075 23.182366398844415
90.31156 31.67905816986991
113.6953 42.02029129669368
143.1343 54.081723325212906
180.19555 67.71042269692131
226.85205000000002 82.47913108516516
285.59015 96.81470300102205
359.5365 110.04026735693255
452.63 120.6923090182824
569.8274 125.23513413601663
717.37075 126.11132815959238
903.1156000000001 120.63057290222241
1136.953 109.64196847602491
1431.3429999999998 93.90133714401591
1801.9555 73.41582695526805
2268.5205 50.529167320647126
2855.9015 28.48437028303666
3595.365 11.725184410553666
4526.3 2.7446640705550216
5698.274 0.17431699333335784
