11.336355 29657919112.5
14.31343 33790856668.238457
18.019555 40052222012.65153
22.685205 47384885499.92121
28.559015 55788705436.667694
35.953649999999996 65012746515.11751
45.263 73669062476.73602
56.98274 81098213797.26447
71.737075 88792388339.97314
90.31156 94252483461.6864
113.6953 97498412053.338
143.1343 98182458577.17873
180.19555 96446917537.78436
226.85205000000002 92392631636.44763
285.59015 85459916706.73174
359.5365 76676418553.72952
452.63 66491495531.35881
569.8274 54629924212.81322
717.37075 43620820380.97012
903.1156000000001 33133488136.434296
1136.953 23950833121.71028
1431.3429999999998 16339980587.859924
1801.9555 10195473899.279259
2268.5205 5611643853.869057
2855.9015 2535523369.8476276
3595.365 838781381.1519079
4526.3 158262256.15443826
5698.274 8128174.726225317
