11.336355 31247864940.0
14.31343 35746002318.95773
18.019555 43318887827.688576
22.685205 51687225469.11211
28.559015 62872019433.13262
35.953649999999996 74612065761.62488
45.263 85892479636.77771
56.98274 95907257667.53963
71.737075 105262297543.00984
90.31156 113110521092.2354
113.6953 117875160073.97243
143.1343 120418126523.1438
180.19555 120861105679.07857
226.85205000000002 118070225721.08475
285.59015 111270291732.86885
359.5365 102207545354.72363
452.63 91011181667.90573
569.8274 79384650250.96577
717.37075 67086231103.95359
903.1156000000001 53292848217.238304
1136.953 41938253336.96655
1431.3429999999998 32028007985.18724
1801.9555 22594525831.03886
2268.5205 15085137710.645166
2855.9015 8764667211.484114
3595.365 3421944714.3181906
4526.3 541777718.496654
5698.274 16718287.59055503
