11.336355 369229916.25
14.31343 524398503.1395144
18.019555 758538561.2164963
22.685205 1057439887.8008728
28.559015 1513208147.6090758
35.953649999999996 2191056580.8298225
45.263 3051460925.372473
56.98274 4229582977.8100843
71.737075 5780225044.787623
90.31156 7921061430.9864
113.6953 10790573778.610424
143.1343 14354120232.868465
180.19555 18425151672.907166
226.85205000000002 22108835735.498955
285.59015 24619871809.273132
359.5365 25319672256.94395
452.63 24038650553.946655
569.8274 21332659477.4248
717.37075 17888358429.46175
903.1156000000001 14311559883.091133
1136.953 11246528510.501219
1431.3429999999998 8631380830.096483
1801.9555 6266938545.951654
2268.5205 3960574519.303409
2855.9015 2000890324.2966385
3595.365 714921219.2493465
4526.3 139838596.28611815
5698.274 7718218.025358938
