11.336355 0.0002138171546470294
14.31343 0.0005441720169997375
18.019555 0.0012948560788869873
22.685205 0.002812939256714938
28.559015 0.005788510938932105
35.953649999999996 0.011696112532416349
45.263 0.02204898283638981
56.98274 0.040562764883159436
71.737075 0.07009071772967757
90.31156 0.11999011155749797
113.6953 0.20191124917996553
143.1343 0.33144591372512683
180.19555 0.528118291123683
226.85205000000002 0.804938823957668
285.59015 1.175018825144242
359.5365 1.5757818189835304
452.63 1.973639497243399
569.8274 2.213208529392525
717.37075 2.219114143577768
903.1156000000001 2.2862560409555575
1136.953 2.7101429051381745
1431.3429999999998 3.0888730657999517
1801.9555 3.110148613011448
2268.5205 2.680274967593598
2855.9015 1.8482462816712337
3595.365 0.7782198457179033
4526.3 0.11664184429693071
5698.274 0.0004384252906323063
