11.336355 5.983153281014884e-05
14.31343 0.0001737082567148027
18.019555 0.0004284382392112816
22.685205 0.0010135041135263083
28.559015 0.002153212983459502
35.953649999999996 0.004388430132684094
45.263 0.00847384177883668
56.98274 0.016079950981381496
71.737075 0.029111448407602714
90.31156 0.0523243318923161
113.6953 0.08760538061866484
143.1343 0.146979247990001
180.19555 0.2336518048396602
226.85205000000002 0.3629624775362098
285.59015 0.512577563989505
359.5365 0.7027240673039666
452.63 0.858622532494572
569.8274 1.048024421269742
717.37075 1.1584350246717883
903.1156000000001 1.2194185306062995
1136.953 1.456384953275445
1431.3429999999998 1.6999914926200588
1801.9555 1.728241525044773
2268.5205 1.4531065225792839
2855.9015 0.8881672971274154
3595.365 0.31400260219883647
4526.3 0.04409512293161777
5698.274 0.0009051069049119557
