11.336355 13214091.375
14.31343 19019242.809967462
18.019555 26291686.45870351
22.685205 38035274.946279086
28.559015 51560261.26532181
35.953649999999996 70271530.25790991
45.263 93852876.88818385
56.98274 125606914.52030213
71.737075 164709969.359737
90.31156 217087686.77698737
113.6953 270004139.07649183
143.1343 340770430.065668
180.19555 410310448.05641174
226.85205000000002 487121853.23306084
285.59015 528316634.750108
359.5365 559969391.8906404
452.63 531494948.00272787
569.8274 505150183.5018877
717.37075 436733399.2669604
903.1156000000001 360804758.860485
1136.953 339127792.62012154
1431.3429999999998 312589759.4063941
1801.9555 251573462.2483079
2268.5205 168286075.6037412
2855.9015 81961320.06297588
3595.365 23182595.075355384
4526.3 2613460.3555894713
5698.274 43205.201246291355
