11.336355 0.03112932651886601
14.31343 0.05280873715677862
18.019555 0.09475896886896659
22.685205 0.17069363243164243
28.559015 0.3260846712349523
35.953649999999996 0.5681352435957471
45.263 1.005331962705247
56.98274 1.6931558039618002
71.737075 2.8424336849090084
90.31156 4.72157196756204
113.6953 7.716986242791689
143.1343 12.47907383081916
180.19555 19.549446181981352
226.85205000000002 29.081933188863523
285.59015 40.77326004641397
359.5365 54.06888248615127
452.63 67.82580618139933
569.8274 81.35263751525957
717.37075 94.84746249474233
903.1156000000001 108.86496663630142
1136.953 124.65740206423848
1431.3429999999998 142.85768183156875
1801.9555 157.7453273100587
2268.5205 156.86793468723627
2855.9015 125.76943524134288
3595.365 64.6437616107879
4526.3 12.230133355057875
5698.274 0.21622537338485995
