11.336355 2.4910506977726943
14.31343 3.7741795620297323
18.019555 5.97557009745811
22.685205 9.239125509173089
28.559015 14.466438946325628
35.953649999999996 21.97939458908851
45.263 32.25211058549743
56.98274 45.739352653099665
71.737075 63.57333265213836
90.31156 86.30384371076363
113.6953 113.39698247703204
143.1343 145.81204359867496
180.19555 183.9424795098164
226.85205000000002 225.55605045131367
285.59015 266.48886043856106
359.5365 306.5187727728743
452.63 341.34676686791875
569.8274 371.8595043077627
717.37075 391.9071824851092
903.1156000000001 387.5886393318894
1136.953 378.9663895729399
1431.3429999999998 358.78557486473267
1801.9555 312.92673657868806
2268.5205 257.49897948096526
2855.9015 183.76461591075872
3595.365 87.771194765286
4526.3 16.92513840090629
5698.274 0.6331525310193542
