11.336355 13292650.875
14.31343 18611835.102001365
18.019555 26678776.831918787
22.685205 37325836.65302451
28.559015 51151260.641787186
35.953649999999996 71717014.51166375
45.263 96229642.92201658
56.98274 128096856.55075026
71.737075 164249038.49640542
90.31156 210280107.83636364
113.6953 268179808.57589144
143.1343 337062261.0616132
180.19555 412431731.0969005
226.85205000000002 488742628.2666395
285.59015 555641105.9268858
359.5365 583917933.446541
452.63 575582045.4174232
569.8274 509515275.20961803
717.37075 405360970.3478529
903.1156000000001 332225264.83966094
1136.953 314403901.22814995
1431.3429999999998 287088358.3230898
1801.9555 232291525.5403588
2268.5205 161780224.3944201
2855.9015 90477505.35101795
3595.365 31021552.787329677
4526.3 3807844.560490282
5698.274 11781.693845355869
